1403715273262142976
1403715273312143104
1403715273362142976
1403715273412143104
1403715273462142976
1403715273512143104
1403715273562142976
1403715273612143104
1403715273662142976
1403715273712143104
1403715273762142976
1403715273812143104
1403715273862142976
1403715273912143104
1403715273962142976
1403715274012143104
1403715274062142976
1403715274112143104
1403715274162142976
1403715274212143104
1403715274262142976
1403715274312143104
1403715274362142976
1403715274412143104
1403715274462142976
1403715274512143104
1403715274562142976
1403715274612143104
1403715274662142976
1403715274712143104
1403715274762142976
1403715274812143104
1403715274862142976
1403715274912143104
1403715274962142976
1403715275012143104
1403715275062142976
1403715275112143104
1403715275162142976
1403715275212143104
1403715275262142976
1403715275312143104
1403715275362142976
1403715275412143104
1403715275462142976
1403715275512143104
1403715275562142976
1403715275612143104
1403715275662142976
1403715275712143104
1403715275762142976
1403715275812143104
1403715275862142976
1403715275912143104
1403715275962142976
1403715276012143104
1403715276062142976
1403715276112143104
1403715276162142976
1403715276212143104
1403715276262142976
1403715276312143104
1403715276362142976
1403715276412143104
1403715276462142976
1403715276512143104
1403715276562142976
1403715276612143104
1403715276662142976
1403715276712143104
1403715276762142976
1403715276812143104
1403715276862142976
1403715276912143104
1403715276962142976
1403715277012143104
1403715277062142976
1403715277112143104
1403715277162142976
1403715277212143104
1403715277262142976
1403715277312143104
1403715277362142976
1403715277412143104
1403715277462142976
1403715277512143104
1403715277562142976
1403715277612143104
1403715277662142976
1403715277712143104
1403715277762142976
1403715277812143104
1403715277862142976
1403715277912143104
1403715277962142976
1403715278012143104
1403715278062142976
1403715278112143104
1403715278162142976
1403715278212143104
1403715278262142976
1403715278312143104
1403715278362142976
1403715278412143104
1403715278462142976
1403715278512143104
1403715278562142976
1403715278612143104
1403715278662142976
1403715278712143104
1403715278762142976
1403715278812143104
1403715278862142976
1403715278912143104
1403715278962142976
1403715279012143104
1403715279062142976
1403715279112143104
1403715279162142976
1403715279212143104
1403715279262142976
1403715279312143104
1403715279362142976
1403715279412143104
1403715279462142976
1403715279512143104
1403715279562142976
1403715279612143104
1403715279662142976
1403715279712143104
1403715279762142976
1403715279812143104
1403715279862142976
1403715279912143104
1403715279962142976
1403715280012143104
1403715280062142976
1403715280112143104
1403715280162142976
1403715280212143104
1403715280262142976
1403715280312143104
1403715280362142976
1403715280412143104
1403715280462142976
1403715280512143104
1403715280562142976
1403715280612143104
1403715280662142976
1403715280712143104
1403715280762142976
1403715280812143104
1403715280862142976
1403715280912143104
1403715280962142976
1403715281012143104
1403715281062142976
1403715281112143104
1403715281162142976
1403715281212143104
1403715281262142976
1403715281312143104
1403715281362142976
1403715281412143104
1403715281462142976
1403715281512143104
1403715281562142976
1403715281612143104
1403715281662142976
1403715281712143104
1403715281762142976
1403715281812143104
1403715281862142976
1403715281912143104
1403715281962142976
1403715282012143104
1403715282062142976
1403715282112143104
1403715282162142976
1403715282212143104
1403715282262142976
1403715282312143104
1403715282362142976
1403715282412143104
1403715282462142976
1403715282512143104
1403715282562142976
1403715282612143104
1403715282662142976
1403715282712143104
1403715282762142976
1403715282812143104
1403715282862142976
1403715282912143104
1403715282962142976
1403715283012143104
1403715283062142976
1403715283112143104
1403715283162142976
1403715283212143104
1403715283262142976
1403715283312143104
1403715283362142976
1403715283412143104
1403715283462142976
1403715283512143104
1403715283562142976
1403715283612143104
1403715283662142976
1403715283712143104
1403715283762142976
1403715283812143104
1403715283862142976
1403715283912143104
1403715283962142976
1403715284012143104
1403715284062142976
1403715284112143104
1403715284162142976
1403715284212143104
1403715284262142976
1403715284312143104
1403715284362142976
1403715284412143104
1403715284462142976
1403715284512143104
1403715284562142976
1403715284612143104
1403715284662142976
1403715284712143104
1403715284762142976
1403715284812143104
1403715284862142976
1403715284912143104
1403715284962142976
1403715285012143104
1403715285062142976
1403715285112143104
1403715285162142976
1403715285212143104
1403715285262142976
1403715285312143104
1403715285362142976
1403715285412143104
1403715285462142976
1403715285512143104
1403715285562142976
1403715285612143104
1403715285662142976
1403715285712143104
1403715285762142976
1403715285812143104
1403715285862142976
1403715285912143104
1403715285962142976
1403715286012143104
1403715286062142976
1403715286112143104
1403715286162142976
1403715286212143104
1403715286262142976
1403715286312143104
1403715286362142976
1403715286412143104
1403715286462142976
1403715286512143104
1403715286562142976
1403715286612143104
1403715286662142976
1403715286712143104
1403715286762142976
1403715286812143104
1403715286862142976
1403715286912143104
1403715286962142976
1403715287012143104
1403715287062142976
1403715287112143104
1403715287162142976
1403715287212143104
1403715287262142976
1403715287312143104
1403715287362142976
1403715287412143104
1403715287462142976
1403715287512143104
1403715287562142976
1403715287612143104
1403715287662142976
1403715287712143104
1403715287762142976
1403715287812143104
1403715287862142976
1403715287912143104
1403715287962142976
1403715288012143104
1403715288062142976
1403715288112143104
1403715288162142976
1403715288212143104
1403715288262142976
1403715288312143104
1403715288362142976
1403715288412143104
1403715288462142976
1403715288512143104
1403715288562142976
1403715288612143104
1403715288662142976
1403715288712143104
1403715288762142976
1403715288812143104
1403715288862142976
1403715288912143104
1403715288962142976
1403715289012143104
1403715289062142976
1403715289112143104
1403715289162142976
1403715289212143104
1403715289262142976
1403715289312143104
1403715289362142976
1403715289412143104
1403715289462142976
1403715289512143104
1403715289562142976
1403715289612143104
1403715289662142976
1403715289712143104
1403715289762142976
1403715289812143104
1403715289862142976
1403715289912143104
1403715289962142976
1403715290012143104
1403715290062142976
1403715290112143104
1403715290162142976
1403715290212143104
1403715290262142976
1403715290312143104
1403715290362142976
1403715290412143104
1403715290462142976
1403715290512143104
1403715290562142976
1403715290612143104
1403715290662142976
1403715290712143104
1403715290762142976
1403715290812143104
1403715290862142976
1403715290912143104
1403715290962142976
1403715291012143104
1403715291062142976
1403715291112143104
1403715291162142976
1403715291212143104
1403715291262142976
1403715291312143104
1403715291362142976
1403715291412143104
1403715291462142976
1403715291512143104
1403715291562142976
1403715291612143104
1403715291662142976
1403715291712143104
1403715291762142976
1403715291812143104
1403715291862142976
1403715291912143104
1403715291962142976
1403715292012143104
1403715292062142976
1403715292112143104
1403715292162142976
1403715292212143104
1403715292262142976
1403715292312143104
1403715292362142976
1403715292412143104
1403715292462142976
1403715292512143104
1403715292562142976
1403715292612143104
1403715292662142976
1403715292712143104
1403715292762142976
1403715292812143104
1403715292862142976
1403715292912143104
1403715292962142976
1403715293012143104
1403715293062142976
1403715293112143104
1403715293162142976
1403715293212143104
1403715293262142976
1403715293312143104
1403715293362142976
1403715293412143104
1403715293462142976
1403715293512143104
1403715293562142976
1403715293612143104
1403715293662142976
1403715293712143104
1403715293762142976
1403715293812143104
1403715293862142976
1403715293912143104
1403715293962142976
1403715294012143104
1403715294062142976
1403715294112143104
1403715294162142976
1403715294212143104
1403715294262142976
1403715294312143104
1403715294362142976
1403715294412143104
1403715294462142976
1403715294512143104
1403715294562142976
1403715294612143104
1403715294662142976
1403715294712143104
1403715294762142976
1403715294812143104
1403715294862142976
1403715294912143104
1403715294962142976
1403715295012143104
1403715295062142976
1403715295112143104
1403715295162142976
1403715295212143104
1403715295262142976
1403715295312143104
1403715295362142976
1403715295412143104
1403715295462142976
1403715295512143104
1403715295562142976
1403715295612143104
1403715295662142976
1403715295712143104
1403715295762142976
1403715295812143104
1403715295862142976
1403715295912143104
1403715295962142976
1403715296012143104
1403715296062142976
1403715296112143104
1403715296162142976
1403715296212143104
1403715296262142976
1403715296312143104
1403715296362142976
1403715296412143104
1403715296462142976
1403715296512143104
1403715296562142976
1403715296612143104
1403715296662142976
1403715296712143104
1403715296762142976
1403715296812143104
1403715296862142976
1403715296912143104
1403715296962142976
1403715297012143104
1403715297062142976
1403715297112143104
1403715297162142976
1403715297212143104
1403715297262142976
1403715297312143104
1403715297362142976
1403715297412143104
1403715297462142976
1403715297512143104
1403715297562142976
1403715297612143104
1403715297662142976
1403715297712143104
1403715297762142976
1403715297812143104
1403715297862142976
1403715297912143104
1403715297962142976
1403715298012143104
1403715298062142976
1403715298112143104
1403715298162142976
1403715298212143104
1403715298262142976
1403715298312143104
1403715298362142976
1403715298412143104
1403715298462142976
1403715298512143104
1403715298562142976
1403715298612143104
1403715298662142976
1403715298712143104
1403715298762142976
1403715298812143104
1403715298862142976
1403715298912143104
1403715298962142976
1403715299012143104
1403715299062142976
1403715299112143104
1403715299162142976
1403715299212143104
1403715299262142976
1403715299312143104
1403715299362142976
1403715299412143104
1403715299462142976
1403715299512143104
1403715299562142976
1403715299612143104
1403715299662142976
1403715299712143104
1403715299762142976
1403715299812143104
1403715299862142976
1403715299912143104
1403715299962142976
1403715300012143104
1403715300062142976
1403715300112143104
1403715300162142976
1403715300212143104
1403715300262142976
1403715300312143104
1403715300362142976
1403715300412143104
1403715300462142976
1403715300512143104
1403715300562142976
1403715300612143104
1403715300662142976
1403715300712143104
1403715300762142976
1403715300812143104
1403715300862142976
1403715300912143104
1403715300962142976
1403715301012143104
1403715301062142976
1403715301112143104
1403715301162142976
1403715301212143104
1403715301262142976
1403715301312143104
1403715301362142976
1403715301412143104
1403715301462142976
1403715301512143104
1403715301562142976
1403715301612143104
1403715301662142976
1403715301712143104
1403715301762142976
1403715301812143104
1403715301862142976
1403715301912143104
1403715301962142976
1403715302012143104
1403715302062142976
1403715302112143104
1403715302162142976
1403715302212143104
1403715302262142976
1403715302312143104
1403715302362142976
1403715302412143104
1403715302462142976
1403715302512143104
1403715302562142976
1403715302612143104
1403715302662142976
1403715302712143104
1403715302762142976
1403715302812143104
1403715302862142976
1403715302912143104
1403715302962142976
1403715303012143104
1403715303062142976
1403715303112143104
1403715303162142976
1403715303212143104
1403715303262142976
1403715303312143104
1403715303362142976
1403715303412143104
1403715303462142976
1403715303512143104
1403715303562142976
1403715303612143104
1403715303662142976
1403715303712143104
1403715303762142976
1403715303812143104
1403715303862142976
1403715303912143104
1403715303962142976
1403715304012143104
1403715304062142976
1403715304112143104
1403715304162142976
1403715304212143104
1403715304262142976
1403715304312143104
1403715304362142976
1403715304412143104
1403715304462142976
1403715304512143104
1403715304562142976
1403715304612143104
1403715304662142976
1403715304712143104
1403715304762142976
1403715304812143104
1403715304862142976
1403715304912143104
1403715304962142976
1403715305012143104
1403715305062142976
1403715305112143104
1403715305162142976
1403715305212143104
1403715305262142976
1403715305312143104
1403715305362142976
1403715305412143104
1403715305462142976
1403715305512143104
1403715305562142976
1403715305612143104
1403715305662142976
1403715305712143104
1403715305762142976
1403715305812143104
1403715305862142976
1403715305912143104
1403715305962142976
1403715306012143104
1403715306062142976
1403715306112143104
1403715306162142976
1403715306212143104
1403715306262142976
1403715306312143104
1403715306362142976
1403715306412143104
1403715306462142976
1403715306512143104
1403715306562142976
1403715306612143104
1403715306662142976
1403715306712143104
1403715306762142976
1403715306812143104
1403715306862142976
1403715306912143104
1403715306962142976
1403715307012143104
1403715307062142976
1403715307112143104
1403715307162142976
1403715307212143104
1403715307262142976
1403715307312143104
1403715307362142976
1403715307412143104
1403715307462142976
1403715307512143104
1403715307562142976
1403715307612143104
1403715307662142976
1403715307712143104
1403715307762142976
1403715307812143104
1403715307862142976
1403715307912143104
1403715307962142976
1403715308012143104
1403715308062142976
1403715308112143104
1403715308162142976
1403715308212143104
1403715308262142976
1403715308312143104
1403715308362142976
1403715308412143104
1403715308462142976
1403715308512143104
1403715308562142976
1403715308612143104
1403715308662142976
1403715308712143104
1403715308762142976
1403715308812143104
1403715308862142976
1403715308912143104
1403715308962142976
1403715309012143104
1403715309062142976
1403715309112143104
1403715309162142976
1403715309212143104
1403715309262142976
1403715309312143104
1403715309362142976
1403715309412143104
1403715309462142976
1403715309512143104
1403715309562142976
1403715309612143104
1403715309662142976
1403715309712143104
1403715309762142976
1403715309812143104
1403715309862142976
1403715309912143104
1403715309962142976
1403715310012143104
1403715310062142976
1403715310112143104
1403715310162142976
1403715310212143104
1403715310262142976
1403715310312143104
1403715310362142976
1403715310412143104
1403715310462142976
1403715310512143104
1403715310562142976
1403715310612143104
1403715310662142976
1403715310712143104
1403715310762142976
1403715310812143104
1403715310862142976
1403715310912143104
1403715310962142976
1403715311012143104
1403715311062142976
1403715311112143104
1403715311162142976
1403715311212143104
1403715311262142976
1403715311312143104
1403715311362142976
1403715311412143104
1403715311462142976
1403715311512143104
1403715311562142976
1403715311612143104
1403715311662142976
1403715311712143104
1403715311762142976
1403715311812143104
1403715311862142976
1403715311912143104
1403715311962142976
1403715312012143104
1403715312062142976
1403715312112143104
1403715312162142976
1403715312212143104
1403715312262142976
1403715312312143104
1403715312362142976
1403715312412143104
1403715312462142976
1403715312512143104
1403715312562142976
1403715312612143104
1403715312662142976
1403715312712143104
1403715312762142976
1403715312812143104
1403715312862142976
1403715312912143104
1403715312962142976
1403715313012143104
1403715313062142976
1403715313112143104
1403715313162142976
1403715313212143104
1403715313262142976
1403715313312143104
1403715313362142976
1403715313412143104
1403715313462142976
1403715313512143104
1403715313562142976
1403715313612143104
1403715313662142976
1403715313712143104
1403715313762142976
1403715313812143104
1403715313862142976
1403715313912143104
1403715313962142976
1403715314012143104
1403715314062142976
1403715314112143104
1403715314162142976
1403715314212143104
1403715314262142976
1403715314312143104
1403715314362142976
1403715314412143104
1403715314462142976
1403715314512143104
1403715314562142976
1403715314612143104
1403715314662142976
1403715314712143104
1403715314762142976
1403715314812143104
1403715314862142976
1403715314912143104
1403715314962142976
1403715315012143104
1403715315062142976
1403715315112143104
1403715315162142976
1403715315212143104
1403715315262142976
1403715315312143104
1403715315362142976
1403715315412143104
1403715315462142976
1403715315512143104
1403715315562142976
1403715315612143104
1403715315662142976
1403715315712143104
1403715315762142976
1403715315812143104
1403715315862142976
1403715315912143104
1403715315962142976
1403715316012143104
1403715316062142976
1403715316112143104
1403715316162142976
1403715316212143104
1403715316262142976
1403715316312143104
1403715316362142976
1403715316412143104
1403715316462142976
1403715316512143104
1403715316562142976
1403715316612143104
1403715316662142976
1403715316712143104
1403715316762142976
1403715316812143104
1403715316862142976
1403715316912143104
1403715316962142976
1403715317012143104
1403715317062142976
1403715317112143104
1403715317162142976
1403715317212143104
1403715317262142976
1403715317312143104
1403715317362142976
1403715317412143104
1403715317462142976
1403715317512143104
1403715317562142976
1403715317612143104
1403715317662142976
1403715317712143104
1403715317762142976
1403715317812143104
1403715317862142976
1403715317912143104
1403715317962142976
1403715318012143104
1403715318062142976
1403715318112143104
1403715318162142976
1403715318212143104
1403715318262142976
1403715318312143104
1403715318362142976
1403715318412143104
1403715318462142976
1403715318512143104
1403715318562142976
1403715318612143104
1403715318662142976
1403715318712143104
1403715318762142976
1403715318812143104
1403715318862142976
1403715318912143104
1403715318962142976
1403715319012143104
1403715319062142976
1403715319112143104
1403715319162142976
1403715319212143104
1403715319262142976
1403715319312143104
1403715319362142976
1403715319412143104
1403715319462142976
1403715319512143104
1403715319562142976
1403715319612143104
1403715319662142976
1403715319712143104
1403715319762142976
1403715319812143104
1403715319862142976
1403715319912143104
1403715319962142976
1403715320012143104
1403715320062142976
1403715320112143104
1403715320162142976
1403715320212143104
1403715320262142976
1403715320312143104
1403715320362142976
1403715320412143104
1403715320462142976
1403715320512143104
1403715320562142976
1403715320612143104
1403715320662142976
1403715320712143104
1403715320762142976
1403715320812143104
1403715320862142976
1403715320912143104
1403715320962142976
1403715321012143104
1403715321062142976
1403715321112143104
1403715321162142976
1403715321212143104
1403715321262142976
1403715321312143104
1403715321362142976
1403715321412143104
1403715321462142976
1403715321512143104
1403715321562142976
1403715321612143104
1403715321662142976
1403715321712143104
1403715321762142976
1403715321812143104
1403715321862142976
1403715321912143104
1403715321962142976
1403715322012143104
1403715322062142976
1403715322112143104
1403715322162142976
1403715322212143104
1403715322262142976
1403715322312143104
1403715322362142976
1403715322412143104
1403715322462142976
1403715322512143104
1403715322562142976
1403715322612143104
1403715322662142976
1403715322712143104
1403715322762142976
1403715322812143104
1403715322862142976
1403715322912143104
1403715322962142976
1403715323012143104
1403715323062142976
1403715323112143104
1403715323162142976
1403715323212143104
1403715323262142976
1403715323312143104
1403715323362142976
1403715323412143104
1403715323462142976
1403715323512143104
1403715323562142976
1403715323612143104
1403715323662142976
1403715323712143104
1403715323762142976
1403715323812143104
1403715323862142976
1403715323912143104
1403715323962142976
1403715324012143104
1403715324062142976
1403715324112143104
1403715324162142976
1403715324212143104
1403715324262142976
1403715324312143104
1403715324362142976
1403715324412143104
1403715324462142976
1403715324512143104
1403715324562142976
1403715324612143104
1403715324662142976
1403715324712143104
1403715324762142976
1403715324812143104
1403715324862142976
1403715324912143104
1403715324962142976
1403715325012143104
1403715325062142976
1403715325112143104
1403715325162142976
1403715325212143104
1403715325262142976
1403715325312143104
1403715325362142976
1403715325412143104
1403715325462142976
1403715325512143104
1403715325562142976
1403715325612143104
1403715325662142976
1403715325712143104
1403715325762142976
1403715325812143104
1403715325862142976
1403715325912143104
1403715325962142976
1403715326012143104
1403715326062142976
1403715326112143104
1403715326162142976
1403715326212143104
1403715326262142976
1403715326312143104
1403715326362142976
1403715326412143104
1403715326462142976
1403715326512143104
1403715326562142976
1403715326612143104
1403715326662142976
1403715326712143104
1403715326762142976
1403715326812143104
1403715326862142976
1403715326912143104
1403715326962142976
1403715327012143104
1403715327062142976
1403715327112143104
1403715327162142976
1403715327212143104
1403715327262142976
1403715327312143104
1403715327362142976
1403715327412143104
1403715327462142976
1403715327512143104
1403715327562142976
1403715327612143104
1403715327662142976
1403715327712143104
1403715327762142976
1403715327812143104
1403715327862142976
1403715327912143104
1403715327962142976
1403715328012143104
1403715328062142976
1403715328112143104
1403715328162142976
1403715328212143104
1403715328262142976
1403715328312143104
1403715328362142976
1403715328412143104
1403715328462142976
1403715328512143104
1403715328562142976
1403715328612143104
1403715328662142976
1403715328712143104
1403715328762142976
1403715328812143104
1403715328862142976
1403715328912143104
1403715328962142976
1403715329012143104
1403715329062142976
1403715329112143104
1403715329162142976
1403715329212143104
1403715329262142976
1403715329312143104
1403715329362142976
1403715329412143104
1403715329462142976
1403715329512143104
1403715329562142976
1403715329612143104
1403715329662142976
1403715329712143104
1403715329762142976
1403715329812143104
1403715329862142976
1403715329912143104
1403715329962142976
1403715330012143104
1403715330062142976
1403715330112143104
1403715330162142976
1403715330212143104
1403715330262142976
1403715330312143104
1403715330362142976
1403715330412143104
1403715330462142976
1403715330512143104
1403715330562142976
1403715330612143104
1403715330662142976
1403715330712143104
1403715330762142976
1403715330812143104
1403715330862142976
1403715330912143104
1403715330962142976
1403715331012143104
1403715331062142976
1403715331112143104
1403715331162142976
1403715331212143104
1403715331262142976
1403715331312143104
1403715331362142976
1403715331412143104
1403715331462142976
1403715331512143104
1403715331562142976
1403715331612143104
1403715331662142976
1403715331712143104
1403715331762142976
1403715331812143104
1403715331862142976
1403715331912143104
1403715331962142976
1403715332012143104
1403715332062142976
1403715332112143104
1403715332162142976
1403715332212143104
1403715332262142976
1403715332312143104
1403715332362142976
1403715332412143104
1403715332462142976
1403715332512143104
1403715332562142976
1403715332612143104
1403715332662142976
1403715332712143104
1403715332762142976
1403715332812143104
1403715332862142976
1403715332912143104
1403715332962142976
1403715333012143104
1403715333062142976
1403715333112143104
1403715333162142976
